00.jpg 2439.50225 1615.55613 867.03099 1 0 0.18436 -0.32515
01.jpg 2439.50225 1615.55613 867.03099 1 0 0.18436 -0.32515
02.jpg 2439.50225 1615.55613 867.03099 1 0 0.18436 -0.32515
03.jpg 2439.50225 1615.55613 867.03099 1 0 0.18436 -0.32515
04.jpg 2439.50225 1615.55613 867.03099 1 0 0.18436 -0.32515
05.jpg 2439.50225 1615.55613 867.03099 1 0 0.18436 -0.32515
06.jpg 2439.50225 1615.55613 867.03099 1 0 0.18436 -0.32515
07.jpg 2439.50225 1615.55613 867.03099 1 0 0.18436 -0.32515
08.jpg 2439.50225 1615.55613 867.03099 1 0 0.18436 -0.32515
09.jpg 2439.50225 1615.55613 867.03099 1 0 0.18436 -0.32515
10.jpg 2439.50225 1615.55613 867.03099 1 0 0.18436 -0.32515
11.jpg 2439.50225 1615.55613 867.03099 1 0 0.18436 -0.32515
12.jpg 2439.50225 1615.55613 867.03099 1 0 0.18436 -0.32515
13.jpg 2439.50225 1615.55613 867.03099 1 0 0.18436 -0.32515
14.jpg 2439.50225 1615.55613 867.03099 1 0 0.18436 -0.32515
15.jpg 2439.50225 1615.55613 867.03099 1 0 0.18436 -0.32515
16.jpg 2439.50225 1615.55613 867.03099 1 0 0.18436 -0.32515
17.jpg 2439.50225 1615.55613 867.03099 1 0 0.18436 -0.32515
